2 20
0 0 0
50 50 0
-180 180 200 100
-90 90 150 75
-180 180 200 100
-90 90 150 75
-180 180 200 100
-90 90 150 75
0.5 1.0
30.4 8.5 3.3 47.4 48.3 40.4 500
0.8 11.5 12.1 34.2 30.5 41.7 1500
45.5 12.9 33.1 15.6 26.0 27.3 1000
1.6 42.1 22.5 19.8 46.3 36.4 1500
4.4 9.8 2.3 16.3 19.4 13.6 500
29.3 48.3 30.4 13.8 14.8 8.3 500
49.3 38.6 9.9 0.3 40.8 35.3 1500
39.5 30.3 46.3 32.6 45.7 42.5 2000
16.5 3.2 15.5 16.3 36.5 31.9 1500
28.1 19.1 48.6 42.4 36.1 11.8 1000
24.7 26.1 21.4 1.3 5.4 1.6 1500
23.8 28.2 34.8 7.0 30.2 27.0 500
11.4 3.8 14.5 8.1 46.5 40.4 500
5.3 22.8 10.9 20.8 44.2 16.2 1500
44.8 15.9 5.5 11.4 21.4 40.9 500
15.2 8.2 26.7 24.2 34.6 13.5 2000
47.1 16.2 25.9 35.2 18.2 48.6 2000
12.3 34.8 35.6 7.4 49.9 13.3 1000
25.1 2.6 13.9 45.4 12.0 7.2 2000
22.4 27.6 29.6 4.0 18.5 12.1 1000